YALL1 is solving the unconstrained L1L2 problem.
0.006718
0.007926
0.015454
0.121444
0.632990
0.706439
0.707101
0.707107
0.707107
0.707107
0.707107
0.707107
0.707107
0.707107
0.707107
0.707107
0.707107
0.707107
0.707107
0.707107
0.707107
0.707107
0.707107
0.707107
0.707107
0.707107
0.707107
0.707107
0.707107
0.707107
0.707107
0.707107
0.707107
0.707107
0.707107
0.707107
0.707107
0.707107
0.707107
0.707107
0.707107
0.707107
0.707107
0.707107
0.707107
0.707107
0.707107
0.707107
0.707107
0.707107
0.707107
0.707107
0.707107
0.707107
0.707107
0.707107
0.707107
0.707107
0.707107
0.707107
0.707107
0.707107
0.707107
0.707107
0.707107
0.707107
0.707107
0.707107
0.707107
0.707107
0.707107
0.707107
0.707107
0.707107
0.707107
0.707107
0.707107
0.707107
0.707107
0.707107
0.707107
0.707107
0.707107
0.707107
0.707107
0.707107
0.707107
0.707107
0.707107
0.707107
0.707107
0.707107
0.707107
0.707107
0.707107
0.707107
0.707107
0.707107
0.707107
0.707107
0.707107
0.707107
0.707107
0.707107
0.707107
0.707107
0.707107
0.707107
0.707107
0.707107
0.707107
0.707107
0.707107
0.707107
0.707107
0.707107
0.707107
0.707107
0.707107
0.707107
0.707107
0.707107
0.707107
0.707107
0.707107
0.707107
0.707107
0.707107
0.707107
0.707107
0.707107
0.707107
0.707107
0.707107
0.707107
0.707107
0.707107
0.707107
0.707107
0.414214
0.226541
0.155904
0.118847
0.096023
0.080553
0.069376
0.060923
0.054306
0.048985
0.044615
0.040960
0.037858
0.035194
0.032879
0.030851
0.029058
0.027462
0.026032
0.024744
0.023577
0.022515
0.021545
0.020655
0.019836
0.019079
0.018378
0.017726
0.017119
0.016552
0.016022
0.015525
0.015057
0.014617
0.014202
0.013809
0.013438
0.013087
0.012753
0.012436
0.012134
0.011846
0.011572
0.011310
0.011060
0.010821
0.010592
0.010372
0.010161
0.009959
0.009764
0.009577
0.009397
0.009224
0.009057
0.008896
0.008740
0.008590
0.008445
0.008305
0.008169
0.008038
0.007911
0.007787
0.007668
0.007552
0.007440
0.007331
0.007225
0.007122
0.007022
0.006925
0.006830
0.006738
0.006648
0.006561
0.006476
0.006393
0.006313
0.006234
0.006157
0.006082
0.006009
0.005938
0.005868
0.005800
0.005733
0.005668
0.005605
0.005543
0.005482
0.005423
0.005364
0.005307
0.005252
0.005197
0.005144
0.005091
0.005040
0.004990
0.004940
0.004892
0.004845
0.004798
0.004753
0.004708
0.004664
0.004621
0.004578
0.004537
0.004496
0.004456
0.004417
0.004378
0.004340
0.004303
0.004266
0.004230
0.004194
0.004159
0.004125
0.004091
0.004058
0.004026
0.003993
0.003962
0.003931
0.003900
0.003870
0.003840
0.003811
0.003782
0.003754
0.003726
0.003698
0.003671
0.003644
0.003618
0.003592
时间已过 120.180964 秒。