
Size [n,m,k] = [100,70,10]
--- YALL1 with kronecker ---
YALL1 is solving the unconstrained L1L2 problem.
9013.066435
1.000000
0.399702
0.186747
0.156682
0.108957
0.042960
0.070213
0.033081
0.017547
0.008935
0.004434
0.002361
0.000092
0.000616
0.000017
0.000161
0.000022
0.000406
0.000087
0.000050
0.000033
0.000023
0.000017
0.000013
0.000010
0.000008
0.000006
0.000005
0.000004
0.000003
0.000003
0.000002
0.000002
0.000001
0.000001
0.000001
0.000001
0.000001
0.000001
0.000000
0.000000
0.000000
0.000000
0.000000
0.000000
0.000000
0.000000
0.000000
0.000000
0.000000
0.000000
0.000000
0.000000
0.000000
0.000000
0.000000
0.000000
0.000000
0.000000
0.000000
0.000000
0.000000
0.000000
0.000000
0.000000
0.000000
0.000000
0.000000
0.000000
0.000000
0.000000
0.000000
0.000000
0.000000
0.000000
0.000000
0.000000
0.000000
0.000000
0.000000
0.000000
0.000000
0.000000
0.000000
0.000000
0.000000
0.000000
0.000000
0.000000
0.000000
0.000000
0.000000
时间已过 55.434447 秒。
--- yall1 with fft2d ---
YALL1 is solving the unconstrained L1L2 problem.
8751.042727
1.000000
0.399702
0.186747
0.156682
0.108957
0.042960
0.070213
0.033081
0.017547
0.008935
0.004434
0.002361
0.000092
0.000616
0.000017
0.000161
0.000022
0.000406
0.000087
0.000050
0.000033
0.000023
0.000017
0.000013
0.000010
0.000008
0.000006
0.000005
0.000004
0.000003
0.000003
0.000002
0.000002
0.000001
0.000001
0.000001
0.000001
0.000001
0.000001
0.000000
0.000000
0.000000
0.000000
0.000000
0.000000
0.000000
0.000000
0.000000
0.000000
0.000000
0.000000
0.000000
0.000000
0.000000
0.000000
0.000000
0.000000
0.000000
0.000000
0.000000
0.000000
0.000000
0.000000
0.000000
0.000000
0.000000
0.000000
0.000000
0.000000
0.000000
0.000000
0.000000
0.000000
0.000000
0.000000
0.000000
0.000000
0.000000
0.000000
0.000000
0.000000
0.000000
0.000000
0.000000
0.000000
0.000000
0.000000
0.000000
0.000000
0.000000
0.000000
0.000000
时间已过 0.415098 秒。
Diff. of the two: 2.5128e-15